55
01 32. 31. 71.
02 29. 32. 62.
03 27. 36. 56.
04 29. 29. 39.
05 32. 29. 35.
06 26. 25. 21.
07 24. 33. 20.
08 30. 35. 19.
09 29. 27. 17.
10 29. 21. 17.
11 33. 28. 16.
12 17. 53. 15.
13 34. 30. 14.
14 25. 60. 12.
15 21. 28. 12.
16 30. 51. 11.
17 19. 47. 10.
18 17. 33. 10.
19 22. 40. 9.
20 25. 14. 9.
21 29. 12. 9.
22 24. 48. 8.
23 17. 42. 8.
24 6. 26. 8.
25 19. 21. 8.
26 10. 32. 7.
27 34. 56. 6.
28 12. 47. 6.
29 19. 38. 6.
30 27. 41. 6.
31 21. 35. 6.
32 32. 45. 5.
33 27. 45. 5.
34 32. 38. 5.
35 8. 22. 5.
36 15. 25. 5.
37 35. 16. 5.
38 36. 47. 4.
39 46. 51. 4.
40 50. 40. 4.
41 23. 22. 4.
42 27. 30. 4.
43 38. 39. 4.
44 36. 32. 4.
45 32. 41. 3.
46 42. 36. 3.
47 36. 26. 3.
48 15. 19. 3.
49 19. 14. 3.
50 45. 19. 3.
51 27. 5. 3.
52 52. 24. 2.
53 40. 22. 2.
54 40. 52. 2.
55 42. 42. 2.